Entry  =  100.0 %
Entry_name  =  100.0 %
Status  =  100.0 %
Protein_names  =  100.0 %
Gene_names  =  98.253062549 %
Organism  =  100.0 %
Length  =  100.0 %
Mass_spectrometry  =  0.419156818735 %
Mass  =  100.0 %
Sequence  =  100.0 %
Sequence_uncertainty  =  0.00270423754023 %
EC_number  =  22.2234241056 %
Absorption  =  0.0189296627816 %
Catalytic_activity  =  16.9014846264 %
Cofactor  =  7.95857108088 %
Enzyme_regulation  =  5.2435165905 %
Kinetics  =  1.91730441602 %
Pathway  =  6.08994294059 %
Redox_potential  =  0.0189296627816 %
Temperature_dependence  =  0.105465264069 %
pH_dependence  =  0.635495821953 %
Active_site  =  11.4470375078 %
Binding_site  =  10.0759890749 %
Calcium_binding  =  1.22231536818 %
DNA_binding  =  3.0855350334 %
Metal_binding  =  7.49073798642 %
Nucleotide_binding  =  9.19170339923 %
Site  =  5.00283944942 %
Annotation  =  100.0 %
Interacts_with  =  24.2191514103 %
Tissue_specificity  =  44.265664296 %
Induction  =  8.1749100841 %
Gene_ontology(biological_process)  =  81.0216609427 %
Gene_ontology(molecular_function)  =  76.1107655696 %
Gene_ontology(cellular_component)  =  90.4702669082 %
Allergenic_properties  =  0.0189296627816 %
Involvement_in_disease  =  10.7628654101 %
Intramembrane  =  0.789637361746 %
Transmembrane  =  25.8335812218 %
Topological_domain  =  18.9675221071 %
3D  =  19.9734984721 %
Beta_strand  =  16.5850888342 %
Helix  =  17.7668406393 %
Turn  =  14.1729089483 %
Sequence_similarities  =  91.4221585224 %
